1234
0000
1111
1212
7777
1004
2000
4444
2222
6969
9999
3333
5555
6666
1122
1313
4321
1010
2580
0852
9990
8888
1230
6789
2468
1357
4321
9876
0001
1110
1011
1101
0101
2020
1999
1984
1213
1214
2021
2001
1112
2111
1211
3111
4111
5111
6111
7111
8111
9111
1234
2345
3456
4567
5678
6789
7890
0123
000000
111111
222222
333333
444444
555555
666666
777777
888888
999999
123456
654321
111111
000000
121212
112233
123123
456456
789789
159753
147258
258456
147369
369258
741852
321321
987987
123321
321123
000123
001122
123654
654123
246824
135531
110011
101010
202020
010101
112211
122112
998877
889900
667788
334455
223344
445566
556677
778899
999888
888777
777666
666555
555444
444333
333222
222111
111000
000999
999000
012345
123456
234567
345678
456789
567890